9 0 774 366 408 363 411 48 42 48 
2 2 738 372 366 324 414 90 6 90 
1 1 329 73 256 212 117 183 183 95 
1 1 325 69 256 208 117 187 187 91 
0 0 734 360 374 355 379 24 14 24 
1 1 346 81 265 229 117 184 184 112 
8 8 828 411 417 419 409 10 6 10 
3 3 687 274 413 334 353 139 139 19 
4 4 618 265 353 267 351 88 88 84 
7 7 481 197 284 320 161 159 87 159 
7 7 493 207 286 332 161 171 79 171 
1 1 623 161 462 220 403 301 301 183 
8 8 822 406 416 414 408 10 10 6 
4 4 603 253 350 253 350 97 97 97 
1 1 340 76 264 223 117 188 188 106 
5 5 750 381 369 433 317 116 12 116 
9 0 774 365 409 364 410 46 44 46 
5 5 745 378 367 432 313 119 11 119 
3 3 684 273 411 333 351 138 138 18 
8 8 815 403 412 414 401 13 9 13 
2 2 774 396 378 339 435 96 18 96 
5 5 774 373 401 439 335 104 28 104 
4 4 625 263 362 270 355 99 99 85 
1 1 370 83 287 231 139 204 204 92 
